DINO8_CMDPREDICTOR_V1
89 24
Arc
Area
Block
BlockManager
BooleanDifference
BooleanUnion
BoundingBox
Box
CPlane
Camera
Cancel
ChamferEdge
ChangeLayer
Circle
Curve
Cylinder
Delete
Dir
Enter
Export
ExtractSrf
FilletEdge
FilletSrf
GetUserText
GrasshopperPlayer
GrasshopperPluginList
Hide
History
Hyperlink
Import
Insert
Layout
Layouts
Leader
Length
Line
List
MeshBox
MeshSphere
Mirror
Move
NamedView
New
Open
PlanarSrf
Plane
Point
Polyline
Print
Purge
Rectangle
RenderAssignMaterialToObjects
Rotate
Save
SaveRenderWindowAs
Scale
Scale1D
SelAll
SelCrv
SelGroup
SelHatch
SelID
SelKeyValue
SelLast
SelLayer
SelMesh
SelName
SelNone
SelParents
SelPolysrf
SelPt
SelSrf
SetActiveViewport
SetObjectDisplayMode
SetObjectName
SetUserText
Show
Snapshots
Sphere
SrfPt
SubDBox
Sun
Text
Undo
ViewCaptureToFile
Volume
What
Worksession
Zoom
-0.198128104 -0.622162342 -0.369016945 -0.296487808 -0.270340055 -0.166064873 -0.745244026 2.57572341 0.756098926 0.0716641098 -0.42743212 -0.0620515645 -0.0933603868 -0.228643566 -0.243348971 2.88733411 -0.204902515 -0.425582647 -0.541044414 -0.315554589 -0.0484832823 -0.112035885 0.111131728 -0.75339973 -0.303438097 -0.0339282751 -0.134535939 -0.579323769 -0.727082253 -0.0694739372 -0.156614184 -0.34307605 -0.29734534 -0.0256771147 -0.607878208 -0.609552205 -1.10205877 0.633826911 -0.428839713 2.42277527 2.47685266 -0.370877415 0.0939875543 -0.597643852 -0.149540067 -0.538158774 -0.515239596 0.0680358857 -0.401168406 -0.458310425 2.69585013 2.59694624 0.318416059 -0.32895273 -0.276567131 2.36450601 1.80987966 -0.930519879 -0.448718339 -0.16752778 -0.302081138 -0.863707542 -0.576538086 -1.02989483 2.03529668 -0.501053512 -0.790118873 -0.631881416 -0.526660562 -0.790451407 -0.725724101 -0.729894817 -0.506296754 -0.0413091183 2.20361853 -0.0524766892 -0.271619648 -0.275587499 -0.0824975967 -0.0271555185 -0.132102951 0.0963814259 0.0790954158 0.0502941236 -0.317026705 -0.425872505 -0.42824769 -0.551419914 -0.469553381
0.905918777 -0.367032796 -0.20495072 -0.0630870685 -0.230018914 0.209348574 0.560722113 -0.674221158 5.91871357 -0.220540509 -0.219264537 -0.288379848 -0.317188084 -0.385921091 0.17772083 -0.217499465 0.516652346 -0.209968448 -0.250607431 -0.36585325 0.0506334901 -0.267982483 0.039547205 -0.26953274 -0.15273042 -0.211962864 1.87915373 0.370092511 -0.0557762533 1.04829204 -0.223301262 -0.330590576 -0.171146065 -0.051566422 -0.242171198 -0.118645608 -0.603796184 -0.100498103 0.341736019 -0.270027936 -0.204268217 -0.254680842 -0.615038872 -0.257840872 -0.236130863 0.934160531 -0.471653938 0.360018641 -0.366559118 -0.335546583 -0.358460009 0.0285153408 -0.144884035 -0.324147344 -0.0312118828 -0.216434211 0.0710532814 -0.525864065 -0.215194523 -0.127533257 -0.213670805 -0.660098851 -0.250005722 -0.636538982 -0.0474499874 -0.0689833611 -0.365516305 -0.468505681 -0.233129606 -0.381549835 -0.131989211 -0.388617575 -0.341045558 0.220946148 -0.246514454 0.150565445 0.180190355 -0.0518759191 -0.217804328 0.984965086 -0.17465882 0.237531781 0.0577137768 -0.0679466426 0.149875715 0.330203414 -0.495076865 -0.07894779 -0.173963651
-0.149403825 -0.246340707 -0.23115243 0.0603529327 -0.141341642 -0.261559606 -0.214326948 -0.526043415 -0.00520990044 0.604323864 -0.0502126217 -0.072118029 -0.157783821 -0.167269021 0.536832094 0.00145156682 -0.643217862 -0.119183719 -0.269859165 0.0586936325 0.0702869594 -0.208242118 -0.10401307 -0.00274688378 0.233511314 -0.294595212 -0.331832409 -0.26651144 -0.0986689627 0.129999414 0.629967868 0.123175934 0.0181138702 -0.0195643902 -0.182754457 -0.358415425 1.92428887 0.196565196 -0.305451155 0.117806897 0.365391016 -0.257951111 -0.342551589 0.0817803442 -0.217718571 -0.29317677 1.27041328 -0.179372296 -0.00269342959 -0.0891552567 -0.260399908 -0.176563829 1.47150981 0.199114889 0.15232572 -0.163238809 0.282477826 -0.423712671 -0.0612252057 0.60318917 -0.225437433 -0.126436427 -0.28807193 -0.489244521 -0.284273416 -0.183963537 -0.281143546 -0.475863367 -0.199445918 -0.320785046 -0.0841559693 -0.208156839 -0.32259798 0.15912348 -0.0366746783 0.280600786 -0.142567128 -0.144170806 -0.249020785 -0.227943778 -0.0655233562 -0.245066151 0.172551125 -0.290416539 -0.154420972 -0.415447474 -0.0103832036 -0.240589142 -0.288811624
-0.918017745 -0.341618717 -0.239530534 -0.358099937 0.931518674 -0.203939945 -0.266892552 -0.871145844 -0.229474008 -0.229905576 -0.436436623 0.148272991 1.16917872 1.66524494 -0.255998015 -0.554154873 -0.733468354 -0.303469568 -0.817424536 -0.943135321 0.2623142 -0.273268878 0.249845922 -0.499161303 -0.293242991 -0.1645744 -0.962042689 -0.0678643733 -0.604054153 -0.172310993 -0.497077495 -0.353071064 -0.222138241 -0.256815434 -0.571219206 -0.361337006 -0.901024401 1.43477726 2.60320807 2.44702983 -0.601964951 -0.301140159 -0.811724663 -0.753476441 -0.390152872 -0.803251266 2.76450062 -0.243131414 -0.416216046 -0.203784406 -0.456714153 1.87935543 1.62506175 -0.415241897 -0.120791852 2.8222847 2.01210308 -0.406519711 -0.54577595 2.15197182 -0.225450486 -0.752118945 -0.295489013 -0.139921889 1.26795304 -0.441886663 -0.65731436 -0.64973104 -0.406976104 -0.439709008 -1.74087727 -1.34973145 -0.683478951 -0.283786833 -0.345909745 0.293169737 1.35011065 -0.62770313 -0.681682944 -0.519930005 2.9683795 0.0305689275 -0.180463374 -0.438583553 0.6455037 -0.572770417 -0.449272215 -0.486337483 -0.387794405
-0.722278774 -0.770347893 -0.473884106 -0.305152088 -0.078585878 -0.558943093 -0.433857918 -1.00767732 2.58487082 -0.4202618 -0.567350686 -0.0861217976 1.92909813 -0.369184941 -0.241922304 -0.512248397 -0.820599675 3.08727694 -0.880683064 -0.610490561 0.0148021877 0.203787148 0.254884779 -0.2940422 -0.536352992 -0.105289504 -1.40014613 -0.493040472 1.86741638 -0.399029791 -0.357922703 3.49081993 -0.200140506 -0.200756341 1.92259157 -0.968413591 -1.17154479 -0.0177531019 -0.492795944 2.04083133 -0.20827125 -0.174477503 -0.346994936 -0.423534632 -0.447796553 1.71863806 -0.505420506 -0.333077401 1.51140487 -0.523646295 3.08086967 0.611769319 0.437688023 -0.504387915 -0.00840559602 1.98353446 1.99041355 -1.14674294 -0.319156229 -0.503631949 0.00267770886 -0.870141685 -0.0369724333 -0.961596251 0.0731366053 -0.836352587 -0.235285267 -1.0284164 -0.234711275 -0.940961003 -0.346939504 -0.522217989 -0.482032418 -0.429898977 -0.269742906 -0.292372406 -0.482423544 -0.640839517 -0.0899300128 -0.0411391854 -0.52234 -0.0994888693 -0.454207778 -0.298512489 -0.298211336 -0.865876853 2.11623931 -0.49899289 -0.441377938
0.0920032412 -0.123983279 -0.00898262393 -0.0700037777 2.42878366 0.00255686045 -0.291677296 -0.264261782 0.14215076 0.823659658 -0.155106515 0.206840694 -0.285669565 -0.263572812 1.95307004 -0.301073462 -0.262752712 3.46381235 -0.345748991 -0.0780369043 0.0462405682 -0.128568694 -0.224084318 -0.173155159 -0.0463778302 0.0594661832 -0.2021368 -0.290680051 -0.016415067 -0.0588309132 -0.0569870248 0.0353624821 -0.150779888 0.184416324 -0.00804193318 -0.31448707 -0.358146042 -0.0963768438 -0.0955098569 -0.0913667232 -0.26982975 -0.311129749 -0.177835152 -0.186977267 -0.119455233 -0.11294876 -0.336839467 -0.267307401 -0.290476233 0.104731366 -0.270173401 -0.0636013895 -0.120863616 -0.0464760065 0.0461423695 -0.299758792 0.096458286 -0.528854191 0.0463027656 -0.0958429575 -0.145835072 2.61439919 -0.294449419 -0.511746109 -0.267233819 0.0449336171 -0.25631097 -0.345055699 -0.114173554 0.113684624 0.0517535135 -0.0797731578 -0.161947042 -0.128653497 -0.226927727 0.150013059 -0.255165666 -0.0735109001 -0.199194461 -0.0948330462 -0.0359964445 0.118834347 0.128877401 -0.0241122246 -0.263237566 -0.309484035 -0.274164796 -0.133912101 -0.0228810105
2.37902498 -0.474450946 -0.229584739 -0.255157292 1.89796817 -0.221556365 -0.395538211 -0.641847789 -0.0791702047 -0.345480502 2.10635424 0.0368753672 -0.412811607 -0.478229105 -0.185319871 -0.329612166 -0.945286393 0.854171932 -0.550271153 -0.234929949 -0.0439794064 -0.294000179 -0.0939922631 -0.267437518 1.59034443 -0.280826271 -0.435266227 -0.37247628 -0.1104801 1.57451558 -0.256889373 -0.0608518869 -0.195628226 -0.29012236 -0.239723384 -0.895569801 -0.746984184 -0.470592409 -0.193279639 -0.280024201 -0.517294466 -0.244625494 -0.448106289 -0.235409394 -0.369099349 -0.672060251 -0.962994695 -0.350952685 -0.328754187 -0.411706418 -0.52263844 -0.255423993 -0.449480116 1.83870292 -0.0943866521 -0.302003622 -0.390470952 -0.511316478 -0.293467015 -0.174335688 -0.274511904 -0.935288668 1.91391885 -0.555777669 -0.170601815 -0.335410088 -0.451108783 -0.645872712 -0.236834884 -0.292838991 1.68628311 -0.654506683 1.44919336 -0.266516387 -0.1978769 0.0133719444 1.48877585 -0.167056888 -0.873547137 -0.430274904 -0.42392081 0.208213389 -0.448651195 1.40589321 3.21608806 -0.488340408 -0.487841368 -0.168462083 1.83673012
-0.0656495839 -0.170596197 -0.200298429 -0.233465225 -0.16830945 -0.18422237 0.22312355 -0.0738026947 -0.100029409 -0.211728588 -0.294652402 -0.175083339 -0.0673752502 -0.139521435 -0.0797967166 0.163569584 -0.301484823 -0.0504907668 -0.160316274 -0.0925347507 0.0630619526 -0.159800321 -0.108465731 -0.274231493 0.15708442 0.00951421261 1.01528442 0.191713005 -0.16950047 -0.208397016 -0.283783883 0.10495542 0.108264059 0.0264060497 -0.214195192 -0.161571056 -0.250133485 -0.213272691 0.159105182 0.125992402 -0.239170417 -0.166770518 -0.271019995 -0.0774607882 0.0797813237 0.165219754 0.188249707 -0.402361482 -0.14490135 -0.0747443438 -0.1354516 0.0604551882 -0.251529783 -0.00720594265 -0.088727206 0.0223759655 -0.299392045 0.181615546 0.113441169 0.164198279 -0.179837167 -0.173148364 0.153372243 0.967353523 -0.107128903 -0.240753964 -0.339136451 -0.328838348 0.181883916 0.49274075 0.110076509 0.581120729 0.147533208 0.187580004 -0.157000661 -0.279257268 -0.00746482424 0.282148153 0.294240922 0.177943572 -0.11767295 -0.144180968 -0.131814688 -0.145758435 -0.235142142 -0.0559809394 -0.0721638799 -0.0648284331 0.188404128
-0.176108748 0.0666412115 -0.117956921 -0.326269537 1.81092858 -0.349844038 2.34418774 -0.695460737 -0.306978285 1.27832031 -0.338686079 -0.0842638165 -0.330742896 -0.524422407 1.20338798 -0.29930532 -0.538855314 1.30928397 -0.615558863 -0.299503505 0.296347797 0.295695961 0.0276424885 -0.590946794 -0.090934664 0.185446352 -0.753533304 0.267339438 -0.35829252 -0.0776339322 -0.148537144 -0.224397212 -0.203762904 0.0463676751 -0.262565076 -0.730066121 -0.45626235 -0.437251329 -0.182697594 -0.0621447749 -0.188501686 3.86497712 2.37452173 -0.202943251 0.0562245995 -0.360932291 -0.686272264 1.26877487 -0.229708329 -0.417116106 -0.417585343 -0.225537091 -0.486791015 -0.3833915 -0.177656263 -0.216358826 -0.175432876 -0.827213109 -0.401800007 -0.158158183 -0.247322068 -0.951378882 0.056506671 -0.672472358 -0.326316714 0.457116812 -0.443635106 -0.616440713 -0.347069412 -0.444936812 -0.473264724 -0.472030103 -0.444491446 2.02950311 -0.443588972 -0.17779541 -0.18429637 -0.327185094 -0.537886322 -0.253045619 -0.163665265 0.00179791451 -0.232830703 -0.119396612 1.76925409 -0.262490362 -0.198199913 -0.154601544 3.11024451
-0.248604923 -0.475553483 -0.2664015 -0.172900006 -0.0793293044 -0.219269156 -0.372678041 -0.997498333 -0.240636915 0.636686862 1.39256418 -0.167140365 2.0434103 -0.510025799 0.772068799 -0.268701106 -1.53868341 0.0823712945 -0.370152056 -0.639838636 0.189604491 0.0802720487 -0.272513092 1.95520544 -0.391895533 0.118080288 -1.4449439 1.83333421 -0.482027292 -0.15714632 0.596295297 2.36751366 -0.171882719 -0.0427387357 -0.58854568 -1.13758945 -0.333836198 2.15177155 -0.303871244 -0.254813313 -0.424171269 -0.216067195 -0.991836309 1.67681336 1.72967374 -0.616693497 -0.737958848 0.542538166 -0.466053128 -0.417342693 -0.371254653 -0.27936402 -0.0859519094 1.23420787 0.292165697 -0.154036582 -0.15733245 -1.05815744 -0.34246555 -0.207267433 -0.423296899 -0.505200148 -0.294979841 -1.377262 0.379856139 -0.83010304 -0.619968355 -1.13922644 -0.114583284 -0.742711604 -0.53428477 -0.268082023 -0.456231266 1.24183571 -0.584305823 0.164324611 -0.37258327 -0.426342368 1.87450266 1.18784237 -0.250198543 -0.293781459 -0.165655762 -0.530905724 -0.291545719 -0.407642126 2.01342702 2.52160406 -0.0747217834
-0.492740571 -0.769465923 -0.568355203 -0.654557824 -0.00401129387 -0.269316941 -0.55703187 -0.752015591 -0.205361962 3.32320476 -0.144266188 0.202682316 2.47140813 -0.706722736 2.47143197 -0.534716129 -0.257374287 -0.287847936 -0.746079385 -0.361180246 0.139080256 -0.141270414 0.245575905 -0.460331619 -0.57542479 0.0442391336 -0.536743283 -0.558042049 -0.532863855 1.03208101 2.93603396 -0.325866193 -0.349372685 0.224706173 -0.555807352 -0.834484875 -0.789553702 -0.511573195 -0.570177674 2.59139705 -0.612772048 -0.368372053 2.25263429 -0.459497184 -0.542499006 -0.89829421 -0.285066634 3.12441778 -0.387237191 -0.482548296 -0.904272139 -0.351957947 1.8570652 0.279134482 -0.0398446023 2.3408463 2.4410224 -0.5981794 -0.7968328 -0.15223144 -0.166508526 -1.11840391 -0.461902261 -0.679864347 -0.107523337 2.22419882 -0.645501077 -0.869502425 -0.470871538 -0.509985983 -0.664571226 -0.550881028 2.01321697 -0.52662468 -0.631878555 0.00913000107 -0.442790329 -0.556857705 -0.625222385 2.57543159 -0.022072196 -0.00121000409 0.119584292 -0.474088788 -0.402823269 -0.530022562 -0.539184928 -0.392230898 -0.358669072
-0.0876246393 0.10728842 -0.252572805 0.0813002214 2.52496958 0.266283095 -0.487769991 -0.858994603 0.0287695229 0.427645355 -0.175608858 0.25911665 0.192857414 -0.392603993 0.405608475 -0.166816533 -0.716039956 0.108505942 -0.663914561 -0.553895295 -0.223315805 -0.247510687 -0.0559782833 -0.403826773 2.28105426 -0.111374035 -0.72009635 -0.505217314 -0.25935033 3.94798756 0.0529846512 0.0608562678 -0.110701598 0.189810932 -0.276520014 -0.570840001 -0.535964549 0.264029831 -0.337875783 -0.0349572413 -0.353274763 -0.234163612 -0.556684494 1.94289541 -0.410791188 -0.571238518 -0.0597141981 0.449231952 -0.546941221 -0.31409055 -0.517466366 -0.348947585 0.0673930645 -0.192768171 -0.193167999 -0.20244348 0.0457494259 -0.551428378 -0.126037151 0.157841787 -0.322984159 -0.393298507 -0.384724081 -0.673363984 -0.301672041 -0.185275972 -0.544582248 2.43811321 -0.24053821 -0.176604256 -0.141084045 -0.603684008 -0.444096088 -0.763310909 -0.372055233 -0.260776997 -0.10187348 -0.199628174 -0.417194486 -0.328291118 0.205244452 0.285210013 0.030479461 -0.306956679 4.00863504 -0.45665592 -0.161946535 -0.280371249 -0.38647005
-0.654204607 -0.966384411 1.26149118 1.68427753 0.889262617 -0.781442165 -1.20777798 -0.876419902 -0.437786102 3.90765977 -0.458207279 0.162958443 -0.653219342 -1.03093529 2.71664166 -0.807446539 -1.44656122 -0.329322487 -1.03123951 -0.765936494 -0.217402369 -0.108017132 -0.293466777 1.68745947 -1.28227973 -0.11219123 -0.853991628 1.39988649 -0.0633076206 -0.63917774 3.1318965 -0.361771137 2.59123325 0.081310302 -0.619828343 -0.996030688 -1.98429477 -0.798147917 0.884426534 0.0377553441 1.67959452 -0.734916925 -0.955480933 -0.936775506 -1.5401783 -0.837543905 -1.09988797 3.80589414 -0.369647443 -0.635039449 -0.710425556 1.71403646 -0.0603882074 -1.00548768 0.0114493966 -0.0900713578 0.744695127 -0.811306596 2.0135715 1.37460899 -0.416160852 -0.848577857 2.82700205 -0.956695676 1.64808178 -0.753806829 3.09807253 -0.717737794 1.47437119 -0.961746871 -0.827070415 -0.869101346 -0.505190492 -0.747733235 2.30247307 0.038618654 -1.13986886 -0.737879813 -0.861275494 0.109705068 -1.2884388 0.187713146 -0.768818617 -0.874132693 1.42238057 -0.838486075 -0.773696959 -0.708807111 -0.496911854
-0.553332448 1.63119531 1.7219739 -0.934932292 -0.438820273 1.77425098 -0.600274682 -0.206010178 -0.215610355 -0.415458709 -0.207371801 0.16427958 1.3845458 -0.672933102 -0.375474215 0.0751110986 -0.981819034 2.19823265 -1.00137091 1.63544452 0.206163883 0.160370708 -0.0300201774 -0.513342142 -0.329225123 0.139947057 -0.730602741 -0.632818818 -0.449943721 2.12795782 -0.574459791 -0.304867953 -0.00334014371 -0.18063125 -0.623776197 -1.23363757 -0.199554309 -0.0996897817 -0.724850714 1.68924463 -0.683704317 -0.588092029 -0.5696913 1.68854856 0.0198635459 -0.752108574 -0.408793658 -0.421183795 -0.402601898 -0.735074878 -0.467794985 0.257499635 -0.299823076 1.78294587 0.0929767191 1.64119506 1.60857582 -0.924527764 -0.626456559 -0.410429955 -0.521049976 -0.855408788 -0.471586227 -0.850722611 1.41895151 -0.341922581 -0.820223212 -1.21435905 -0.535466969 -0.536559403 -0.521261692 -0.518695593 -0.673484862 -0.132815778 -0.664489448 -0.204099804 -0.403752923 -0.854067683 -0.267689466 -0.500105977 1.5790534 -0.05747886 1.11164701 1.14286351 -0.404158831 2.2560811 -0.530930519 -0.370721668 -0.514167428
-0.0725364536 -0.427623957 -0.29458493 2.63904667 -0.212291658 -0.500961006 -0.441400528 -0.906140268 0.186274782 2.00840926 -0.0494814739 -0.11606963 -0.365273058 -0.742834806 1.13011718 -0.621818185 -0.159557909 -0.213130474 -0.951022267 -0.628534079 -0.044663161 0.255255699 0.16930908 -0.0864303559 -0.470733374 0.174588114 -0.755595446 0.00463119149 2.60969973 -0.327012181 1.7909584 -0.206995621 4.05295181 -0.180021018 -0.668721139 -0.679361522 -1.01750112 -0.759702027 -0.466727138 -0.30058676 -0.45828253 -0.206639111 0.282771945 -0.207337007 -0.319675744 -0.764230609 -0.422311991 1.78269672 -0.313057333 2.42123771 -0.420765996 -0.102746397 -1.18616247 -0.430313885 -0.0857630521 -0.305858016 -0.235160813 -1.09314358 -0.278137535 -0.383423418 0.354919374 -0.903154612 0.837761402 2.76881242 -0.224624649 -0.126463234 0.298213929 -0.844439447 -0.363822073 0.331145674 -1.4264977 -0.229467764 0.729619026 -0.644967437 0.810978532 0.0504598916 -0.55013597 -0.0980290771 -0.711842775 -0.713763595 -0.345105469 -0.0304106474 -0.526302695 0.0103588104 -0.293141127 -0.504412293 -0.722832441 2.97151947 -0.159367725
-0.334553897 -0.113602683 3.6385808 -0.288134962 -0.0839736164 -0.0142515833 -0.397246897 -0.789969444 0.654349327 -0.0501019731 0.32666105 0.155248165 -0.326840103 -0.295332968 0.13638939 2.06074476 2.74657726 -0.126119569 -0.622699976 -0.431291014 -0.245065063 0.260341585 -0.14322111 0.00681413524 -0.191004992 0.137310535 -0.498613536 -0.296773374 -0.111074336 -0.0288823768 -0.280380309 2.57810903 3.39070749 -0.0750744492 -0.248218343 -0.950617671 -0.330378234 -0.243620932 -0.195266709 -0.153987393 -0.414911151 -0.161871493 -0.357204109 -0.310759127 -0.339611202 -0.582431436 -0.478123665 0.121943258 -0.128281161 0.202293366 -0.404078484 -0.157662243 -0.337619901 -0.323932379 -0.243034765 -0.203976661 -0.31727913 -0.397514641 0.0373317227 -0.0940512717 -0.259452969 -0.386826128 -0.190425813 -0.365141094 -0.178558424 -0.226106435 -0.321314394 -0.470701396 -0.0209555589 -0.24352476 -0.0151491687 -0.174557716 -0.353236407 -0.191417754 -0.0606488548 -0.0335297287 -0.222786561 0.245947137 -0.648371696 -0.27246061 -0.257832319 -0.0925807059 -0.0897274762 -0.0102981962 -0.23902306 -0.418858469 -0.292754471 0.161356106 0.418815017
-0.348631859 -0.284822494 -0.293398529 -0.378364742 -0.447751045 1.39150584 2.27862501 -0.803535521 0.0313960016 -0.554229498 -0.596186876 -0.238020241 -0.154340118 -0.418449193 -0.423582703 -0.746745408 -0.821101785 -0.424110949 -0.402407408 -0.720071375 0.0632874072 0.222049057 0.160064757 0.273039341 0.956879735 0.263309598 -0.86150676 2.32391524 3.09673548 1.41519463 -0.666303039 -0.389507949 -0.222178787 0.187678635 -0.947548449 2.48689866 -0.687029719 -0.686130166 -0.271005213 1.11382294 -0.275932431 -0.322371304 -0.849180579 -0.274354458 -0.312153518 0.204218447 -0.0904981345 -0.441425532 -0.444612563 -0.352391183 -0.344086766 2.11502719 -0.049393259 -0.633802891 -0.295240283 1.12953281 1.55137455 -0.940102935 -0.623107314 -0.645660698 -0.523754597 -0.974827111 -0.520729303 -0.791355133 1.53904867 -0.520982385 -0.648153603 -0.942373991 2.52424622 -0.493165165 -0.415680647 -0.668128312 -0.752563596 2.13471818 0.341251582 0.0687556267 0.66913408 -0.145696923 -0.67454952 -0.617411494 0.48003906 0.146436751 2.46041179 0.395779192 -0.453943223 0.106207967 -0.354212761 -0.676671803 -0.503355026
-0.627048433 -0.711825907 -0.555841684 3.3491888 -0.492193311 1.18395531 -0.770126224 -0.939493358 0.1931317 -0.100293167 3.18932247 -0.123470604 -0.417619377 -0.609402001 -0.0552716665 -0.699248254 -0.907752275 -0.761069536 -1.02673066 1.8879323 -0.208071962 0.0386989713 -0.298472077 -0.692082405 1.68876433 0.00424793363 -0.997953355 1.45742738 -0.550512969 1.84952843 -0.232481271 2.49188566 3.84095144 -0.0561102778 -0.665336549 -1.23371875 -1.38954544 -0.743958354 -0.625734031 -0.53131789 -0.576595843 -0.373097926 1.76642156 -0.442337632 -0.682059407 -0.714346766 -0.865580142 -0.161591113 2.87627506 2.32050633 -0.726484478 0.0312238541 -0.579211831 2.90115356 -0.0509379208 -0.547786415 -0.492878288 -1.1164372 -0.560045242 -0.534680843 1.4083811 -1.01887786 -0.503559232 -1.19958282 0.00918992981 -0.578713715 -0.422912359 -1.20207739 -0.0939699709 -0.822582543 -0.890597641 -0.610313714 -0.793979049 0.128133073 -0.557087302 -0.138809934 -0.595594049 2.70356369 -0.630969524 -0.615751803 -0.67274487 0.0264728367 -0.511891723 -0.515819788 -0.61547178 -0.5574615 -0.888585508 2.23119521 -0.396790355
-0.19731234 0.11847502 -0.191316083 -0.181306377 0.0302232299 0.416734934 -0.274983525 -0.420472741 0.0807723999 0.0280070268 -0.143138379 -0.0301010907 -0.0275650509 -0.297141045 0.136269137 -0.288261861 -0.304836988 -0.271874517 -0.55652231 -0.143094271 -0.04996562 -0.0404686034 0.26308912 -0.150660113 -0.250457823 0.0249429643 -0.358825207 -0.0868280679 -0.232218653 1.18614459 -0.103075333 0.123973899 -0.213241369 0.0389205813 -0.0440071672 -0.336470604 -0.439571351 -0.268612862 -0.00090841949 -0.0523637347 -0.271892965 -0.280223519 -0.226147458 -0.143506646 -0.156475365 -0.318996012 -0.256847858 0.0691930354 -0.172142833 -0.202094078 -0.203416795 0.207379401 -0.264646858 -0.199015856 0.0789879858 -0.255590081 -0.0280081406 -0.382828146 -0.0182910226 0.00206804276 8.44970345e-05 -0.510280967 -0.220656663 -0.508877635 -0.209129035 -0.234168172 -0.0817154497 -0.485632271 1.48104024 -0.52704227 -0.189627945 3.02366996 -0.520225167 1.68549454 -0.296188176 -0.096461609 -0.0591588318 2.25647283 -0.11805217 -0.0164301023 -0.245620355 0.196786553 -0.0386069641 1.84495282 -0.0169942752 -0.193974942 -0.213995188 -0.163372606 -0.0728873312
-0.523887753 -1.14962649 -0.584226966 -0.212720633 -0.53974086 0.318318248 -0.550551236 -0.922792792 -0.328963518 1.65791118 -0.60358882 0.102959037 -0.416878015 -0.52347815 1.44806695 -0.783588648 -0.784786284 2.60969138 -0.776326537 -0.493224114 0.28967762 0.26897949 0.0649857819 1.77536643 1.13304996 -0.208965093 -0.752551615 -0.650917768 -0.368897468 0.359616697 1.62936866 3.06418467 -0.199105382 -0.0431775153 -0.682789922 -0.798113406 -0.940021873 -1.35655618 -0.783416152 -0.408187658 -0.759167433 -0.33417207 -0.600914538 -0.424654186 -0.532098174 -0.647563398 -0.58183229 1.68320537 -0.831451297 -0.141455412 -0.600450277 2.28401637 -0.670553803 0.0109760016 0.151131421 -0.609349251 -0.518499136 2.05257845 1.81785393 1.74216831 2.80909014 -0.787535429 -0.549605489 -0.919846535 2.42973232 2.06993699 -0.894282818 -1.44429994 1.39430583 -0.421350062 1.83701944 -0.437926024 -0.545381248 -0.150856525 -0.523231268 -0.0957724303 -0.757824838 -0.826696694 -0.786343575 -0.503557205 -0.336819261 0.0154016614 -0.561949909 -0.335675925 -0.533304513 -0.568862438 -0.871338189 -0.786638916 -0.467519671
-0.162476987 -0.29440856 -0.104614086 0.173563316 -0.0704210848 -0.21069622 -0.0811678395 -0.285332978 0.380457044 -0.0978809148 -0.08137317 0.142708838 0.349120736 0.481608272 -0.00673936075 0.0542848706 0.00375584979 0.116008982 -0.228080556 -0.197790876 -0.152688801 -0.038285017 0.246611595 -0.0336200222 -0.273879439 0.28303206 0.587445855 -0.298464507 0.0377529413 -0.261096478 -0.0977909788 0.038810648 0.27221778 0.267287493 -0.264982432 -0.0692126304 -0.116380826 0.58413893 -0.281341761 0.472502232 0.0515312999 -0.298621923 -0.206672847 -0.190525562 -0.00559044629 -0.095882073 0.184848696 -0.239608958 0.599954247 0.0406921133 0.00619075447 -0.0478051752 0.577560186 -0.101968735 0.166481256 -0.170143172 0.0406198651 -0.171437904 -0.0480564125 -0.165874138 -0.20952937 -0.0397703946 -0.0524067283 -0.211679593 -0.214667261 -0.0270103775 0.162770033 -0.252457768 -0.0475528464 -0.143588737 -0.100427374 0.00545254629 0.638900697 -0.0345273763 -0.0472773984 0.221884251 -0.108665869 -0.296693504 -0.149411723 -0.120775893 -0.256792784 0.149485588 -0.0154972449 0.0425982811 -0.284547925 -0.10467878 -0.0719075724 -0.0606169775 0.0769270808
-0.127822801 -0.0691439509 -0.167611852 -0.234370261 0.85932368 2.50402355 -0.338467121 -0.370292366 -0.29844752 -0.0827977061 -0.00682274997 -0.213835806 0.137681901 -0.311353087 0.12452206 -0.197256416 -0.286275715 0.373691529 1.26840806 -0.0597523749 -0.186476022 0.160666317 -0.0958640724 -0.198916286 -0.103562459 -0.169865116 -0.445512205 -0.285127789 -0.112728186 0.489267945 -0.22240895 -0.121678799 0.0221832171 0.0956069529 -0.143563956 -0.317029178 -0.304014087 -0.24559319 -0.0160017908 -0.29005447 -0.215365812 -0.313331783 -0.523113072 -0.258804202 -0.13521184 -0.112300254 0.46387285 -0.11519751 -0.0741959661 0.0127752274 -0.253043175 0.320193291 -0.154840246 -0.0913472325 0.274884045 0.155947804 0.801413536 -0.238567322 0.0568748116 -0.280300647 0.069974415 -0.593419015 -0.055990655 -0.452209562 -0.12005651 -0.0285601094 -0.13478905 -0.281953007 -0.0327834561 -0.152801841 0.279807091 0.038704887 -0.238433033 0.0287914425 -0.325645357 -0.0320189893 0.49839288 -0.150462717 -0.352754056 -0.147850946 -0.178873017 -0.135714188 0.0077938363 -0.109147921 0.840100408 0.0786200166 -0.191546291 -0.31054616 -0.0942573845
-0.813314855 -1.5781188 -0.526309192 -0.403177947 -0.182049945 -0.228149682 -0.040114373 -1.19862103 -0.459189147 2.39526176 -0.772705138 -0.0849961638 0.393690765 -0.00763571262 1.94946039 2.76628375 -1.43463361 0.487269789 -0.78680861 -0.814795971 0.270681381 0.134419084 0.187504411 -0.429507375 -0.42892769 -0.00671970844 -1.06486189 -1.25293243 -0.73477906 2.16545939 2.06272936 -0.442339778 0.737187445 0.151693135 2.04904222 -0.868004978 3.12264919 -0.881569922 -0.948871493 0.872371256 -0.837816536 -0.824327588 -0.943382502 -0.076171428 2.31741548 -0.772790492 -0.858410478 2.31596231 -1.01187694 -0.485096633 0.198803738 1.09680879 -0.489361942 -0.444218308 -0.275114954 0.622265041 0.464234173 -1.44567263 1.02121866 -0.336142421 0.817346573 -1.31032467 -0.782778442 -1.30419195 0.731959283 0.68940258 -0.672160625 -1.34231305 0.00172738312 0.560762405 -0.74037087 0.32962653 -0.741201997 -0.416021645 -0.731128573 0.0802342892 2.43107605 -0.605469286 -0.933915377 -1.01390398 0.422393292 -0.0279396772 0.373885572 -0.574153721 2.23015523 -1.00015521 -1.27317441 -0.561938167 0.134073764
-0.708756626 1.66592729 2.62520742 -0.369698614 1.3517952 0.143050015 -0.917379856 -0.84915328 -0.170246989 2.384341 -0.415579677 0.271065414 -0.639387965 -0.807474136 1.44265163 -0.985850811 -0.860538661 -0.116267286 -0.920811713 -0.569455922 -0.0260649025 0.218297482 -0.126368225 -0.498153269 1.63895953 -0.0161328316 -0.971654654 -0.736521602 -0.596819341 1.68273413 2.30092359 0.160143882 -0.212801427 -0.27402544 -0.675846636 -0.827251077 -0.829562247 -0.451090664 1.85063958 0.536520898 1.72658682 -0.560755849 -0.609925985 -0.816056728 -0.737513542 -0.595470905 -0.713478804 2.26409149 -0.724484324 1.99258292 -0.750919998 -0.290776849 1.09312391 -0.601160288 0.19625023 0.660441697 0.585417151 -0.872933209 -0.266071677 -0.610575795 -0.501724899 -0.783786833 -0.579072773 -0.760990143 -0.124886639 -0.533696771 -0.846061587 -0.922508061 -0.498624712 2.62308121 1.12531698 -0.927472949 -1.02903676 -0.262498498 -0.850038528 -0.267531812 1.23795307 -0.421536267 -0.637744188 -0.574172378 -0.0527034961 0.07100752 1.05549788 -0.193526089 2.27677298 -0.847153664 1.37843168 -0.50482142 -0.321051806
-1.61767709 -1.87966287 -1.96321905 -0.737355113 -0.600511849 -0.584626555 -0.420015633 -1.0156939 -1.09448934 -0.485780627 -0.767018199 -0.961241305 -0.733025074 -0.503981173 -1.9201591 -1.45964944 -1.15780377 -0.569077671 -0.935501516 -0.595334351 -0.651099801 -1.53088689 -1.86037385 -0.299609184
-1.40025699 3.96525025 -1.62158799 4.74571133 -2.85671854 -2.34938407 4.71315908 0.196579605 -1.71955943 -1.75119102 -2.00366712 -2.97871494 -1.46248019 -1.93960679 -3.14175868 -2.48866916 3.88581824 -1.14210141 -0.92756927 -2.75577831 0.482629746 -1.15515208 -2.3100307 -2.77576566
-2.35793591 -0.810228944 3.73601818 -1.34182584 -1.99593031 -0.556425273 -1.21675479 0.627245307 -1.02098799 -0.547303975 -0.980859876 -2.07379794 -1.50195634 -0.638454795 4.00336647 -1.24211717 -1.41533923 -1.35119343 5.40376425 -1.24233973 0.0443558954 -0.828249276 3.6516571 3.65523362
-1.40953648 -0.794272006 -0.817796409 -0.482747316 -1.11198223 4.12276459 -0.809416234 0.573404491 -0.0344987437 -0.884205163 -1.09734583 -1.59154344 -0.352002114 -0.789967358 4.55184746 -0.918545365 -1.14724743 -0.817985535 -0.0248175301 5.79797649 -0.354168117 -0.815123141 -1.32492626 -0.684155226
-1.09661043 0.0135640781 -0.553601503 1.49208951 3.82565355 -0.576749563 -0.986005247 -0.426573187 0.819466949 3.46927381 -0.749041796 2.93409514 2.43409944 4.87562895 -2.00212526 -1.08368564 4.93681955 2.99612999 -0.607344627 -1.50039768 -0.293014377 -0.418065697 0.0252377111 3.03273177
-1.26452065 -0.787684798 -0.919678867 -0.499658883 -1.07423103 6.4151659 -1.24573958 -0.356637955 1.10134912 -0.51899296 -0.840766788 -1.34039772 1.17795396 -0.605954409 -1.77786839 -0.906984806 -1.15121186 -0.5264557 0.0691798702 -1.30599213 -0.0915926322 -0.616358757 -0.713653445 0.359591931
-0.920802057 -0.425838798 -0.728912771 -0.550847292 -0.705375314 5.29556131 -0.724890351 0.0283614583 0.00762969349 -1.06001365 -1.08486986 -1.0941608 0.271164507 -1.00761867 -1.59024358 -0.560188651 -0.787449479 -0.533733487 0.0111742821 6.98566246 0.124094814 -0.732453227 -0.924851835 -0.408244342
-2.96636367 -1.4514662 3.49900818 -2.08213353 -3.17510486 5.2596941 -2.57817054 0.539354026 -0.608928621 -1.84254074 -1.94675779 1.80777919 -1.11244798 3.7868588 4.0147419 -2.00567627 -2.12424994 -2.82347155 4.29804087 4.05003309 0.00316985324 -1.47842073 3.72827673 4.17548084
4.62589359 4.02249384 -4.42160892 -3.12987757 0.190030277 -4.33374882 2.72832966 -0.030185366 0.974568129 -5.28831768 3.76234078 1.72981644 0.079556331 2.56462646 0.382418782 2.69761872 2.05639768 1.85867262 2.07511997 -5.94388914 0.333157867 1.09624517 -7.44581747 -0.171218202
4.73224878 -0.524074793 -0.722883523 -0.607768893 -0.854204595 -0.972507775 -0.34831956 -0.140588969 -0.226185322 -0.776313782 -0.676985443 -1.6514219 -1.07158816 1.02400434 -1.62510741 -1.00376928 -0.388927728 -0.513672113 -0.389785707 -1.06309307 0.087737307 3.18511271 -1.15923607 -0.370076567
0.677332819 -1.315135 -0.793653131 -0.979215801 -1.05171657 -1.17081094 4.04888487 -0.0212593861 4.93074894 -0.756319284 5.11713696 3.26496649 -1.27749968 -1.58072865 0.307910025 -0.513783455 -2.89571571 -5.33279657 -0.299154401 -1.2837472 0.383287311 -0.658099711 -0.741418779 -1.29300499
-1.44814539 -0.465719759 4.29258919 -0.713447869 -0.939251661 -1.04154575 -0.494941503 -0.216380313 -0.16506137 -0.688753724 -0.923331022 -1.62140751 -0.31995216 0.790572703 -1.48462737 -1.03692257 -0.913382351 -0.600638032 -0.401416272 -0.849083543 0.0285566542 -0.554415047 4.64484167 -0.877185345
6.28140831 -0.788932979 -0.691601098 -0.520989537 -1.19769907 -0.714450717 -0.412056565 -0.0803393424 -0.400889367 -0.856030405 -1.08646595 -1.40895247 -1.63185191 1.79921842 -1.66624761 1.44907916 -0.674860954 -0.534039915 0.0679456592 -0.828195751 -0.0670636967 -0.441046417 2.35756397 -0.876896977
-1.7420969 -0.772963703 3.24783611 -0.239688918 0.165356338 -0.0347838663 3.6899116 0.532034934 -0.690590739 -0.738707185 -1.71700382 -1.43291461 3.4276216 0.279060274 4.30085564 -0.821700513 -0.952391624 0.321232557 -0.151941627 -0.968871176 -0.00962294266 -0.659241974 3.47175169 -0.969282568
3.34972453 4.10571432 0.773068547 4.90888739 -3.94673991 -2.65142632 -1.18832088 0.0614202917 -3.21528339 -2.52426529 1.28257763 2.89868212 -2.52695179 -0.617887795 -3.08376431 2.98876572 5.31942225 -2.79915547 -0.829838753 -2.75540352 0.478206456 1.10992527 1.66866577 -1.5804615
0.563458979 4.2157383 -0.895687103 -1.46090126 -2.24596071 -1.79134476 -0.144267797 0.108801313 -0.843572199 2.6497407 -0.922376752 -2.32763958 -1.0631268 -0.415136367 -1.99609196 -1.91051936 -0.97219336 -0.370266199 -0.684568107 -1.70988882 0.345888555 -0.860797644 1.58821726 -0.983300507
3.4007442 4.02157831 -1.47500682 -1.86611569 -1.27568173 -2.10381913 2.97899222 -0.000880445703 -0.859006405 3.13055968 3.3776176 -2.75852966 -1.74101591 -0.250290126 -1.15146005 3.34486651 -1.73537076 -1.34366035 -0.471271396 -2.17882776 0.157721788 -1.12253487 -3.35366273 -1.7996639
-4.02982807 -1.90215135 3.47180057 -2.70846081 3.11787128 4.06605959 1.33461177 -0.0195719805 -0.298769414 -2.84182382 -5.52539015 -3.84599566 1.57302225 0.415762484 3.07848382 -2.38366771 -3.63393426 -4.41241598 -1.25846589 6.38281345 -0.0510244146 -2.52633929 4.05216169 1.57243717
-1.28282154 -0.633128226 3.52067685 -0.331861734 -0.751149058 0.118212722 -0.656409204 0.496429056 -0.606796265 -0.587201774 -0.926816761 -1.45410681 -1.03668582 -0.0390033089 4.54468298 -0.699492157 -0.694976449 -0.616006017 -0.0354573503 -1.00765431 0.0728038028 -0.49469924 3.2066443 -0.320723832
-4.93656301 -1.02880776 -1.68244696 -3.75385571 -2.07976675 5.78114414 -3.19521546 -0.778211832 1.28601658 -2.19342279 2.62429619 -2.78626037 3.94014215 -4.47528124 2.964849 2.26416993 -3.41425729 -1.91249716 4.38016891 4.19039154 -0.120848335 1.93037283 0.655661166 3.58044219
-2.72881126 -1.42233479 2.39765477 -1.35655093 3.93054438 -2.36232185 -1.51512659 0.269345969 0.396264732 -3.25347281 0.804612219 -2.78335214 -3.08624434 4.70436478 3.9425621 -2.45816445 -2.89319038 4.03159046 -1.83683825 6.45865631 0.100270279 -1.437832 3.67553425 -2.18372655
6.00876284 -1.33007026 -1.24421203 -0.988391995 -1.91564238 -1.42735839 -0.728295326 -0.282842636 -0.342496634 -1.49027371 -1.44636762 -2.20491028 -2.2904706 1.04493499 -2.56275678 1.41086519 -1.15760303 -0.914496183 -0.269571811 -1.56188929 -0.0144694811 -0.95516485 1.65668952 -1.06187499
5.81261444 -1.64254642 -1.38206518 -0.936094224 -2.07917857 -1.16664433 -0.868225098 0.171370998 -0.603451133 -1.80093372 -1.82759893 -2.36556888 -4.44977093 0.952015758 2.71725202 1.27475715 -1.81193304 -0.974486053 -0.590705812 -1.71852827 -0.282794267 -1.0161469 2.00588298 -1.05769527
5.59410429 -0.493788272 -1.16059458 -0.79092747 -2.05293608 -1.12579238 -0.613270998 -0.445593983 -0.4733302 -0.290848613 2.03214192 2.79806733 -1.57838356 0.891704738 -1.56306827 3.17907023 -1.03966033 -1.74371254 4.98890114 -1.31227148 -0.0499895141 -0.982558668 1.21292782 -1.12725627
-1.59591782 -0.786841989 -0.690984428 -0.716355383 2.31312895 -0.0315917693 0.0757278353 0.28014493 -0.865763664 -1.51871777 -1.08382368 -1.59964073 0.768223524 -1.02071464 4.61951637 -0.909549594 3.171345 -1.0741241 -0.705070734 6.62436247 -0.21236825 -0.755790353 -1.60943663 -1.06389868
-0.487203181 -0.235578477 -0.497583061 -0.155679405 -0.195722356 -0.278330505 -0.108259402 -0.204835191 -0.0257094484 0.0335697643 -0.0536280982 -0.827050805 -0.472601235 -0.172811136 -0.663770258 -0.187040135 -0.253121406 -0.271018952 0.11839921 -0.330424368 0.019469602 -0.411696106 -0.184885323 -0.17850706
-0.354252577 -0.248765424 -0.0543135554 -0.0183844399 0.0521487556 -0.299957752 -0.461961895 -0.309791476 -0.344321489 0.129397854 -0.473389506 -0.646615565 -0.503330767 -0.521750212 -0.414092004 -0.301957518 -0.617320478 -0.300714195 0.16630736 -0.513850927 0.0712838918 -0.115955763 -0.345299363 -0.402943373
-3.04726481 -2.22876883 -3.0878365 -1.93893445 -2.73810053 2.55133605 1.86519849 -0.200556919 -0.942344546 -2.20612741 -3.34280777 -4.36451817 -1.81481278 -2.63103938 -4.20540619 -2.61769652 -2.73786759 -2.73124528 -0.195946991 6.73023367 0.0304619186 -3.07538319 -3.41236091 1.89373326
-1.51706171 0.494877428 -0.814912081 5.15324259 3.21434069 -1.37591517 -1.56125665 -0.0402667895 3.11256218 2.62251496 -1.56990218 -1.69625223 2.373739 -1.79294348 -2.36240816 -0.903388739 4.93500185 3.18460608 1.8571192 0.221182823 -0.00330217462 -0.864633083 -0.820893884 2.34867597
-1.2075479 -0.666989565 -0.702711403 -0.460216224 -1.19959688 5.09161949 -0.843401194 0.66887331 0.250247061 -0.480162203 -0.999517977 -1.27178502 0.105162017 -0.626269221 4.40972757 -0.47176984 -0.905050993 -0.854667723 0.0546900891 5.1026988 -0.262619555 -0.755655408 -0.701136291 -0.0304586459
1.02035105 0.342249572 -0.439773083 -0.376622736 -0.163378552 -0.848403633 -1.81259322 -0.341718853 3.14111209 -1.08773434 4.97728157 -1.15635896 -1.22390914 -0.175905019 0.0195244867 4.01784563 -1.16456854 3.64731622 -0.282079905 -1.00422812 -0.114648312 -0.532156289 -1.16281712 0.772196591
-1.68108213 -1.5617826 -1.0262835 -0.723066926 -1.78306973 -0.946131885 -1.2327534 -0.0337206237 -0.594141245 -1.72790205 -2.61365747 -1.75484669 1.87996864 2.11533594 3.45257139 2.37443829 -1.27348685 3.39750719 -1.44903004 -1.27824688 -0.102660201 3.4315846 -0.884656966 3.38454223
5.71192694 -0.682509243 -0.608517706 -0.888253093 0.1033452 -0.733613312 -0.252306014 -0.0421168134 -0.410818696 4.39965677 -0.397670388 -1.3474654 -1.04402673 1.09089053 -1.46632719 -0.680716336 -0.855460823 -0.28896299 -0.317032456 -1.00360501 -0.079167366 -0.705542207 -1.84993136 -1.16129553
-0.842084765 -0.475915521 -0.480585426 -0.272809535 -0.4318811 -0.373761863 -0.440847993 -0.19212395 -0.0951538309 2.91342211 -0.449484229 3.34920549 -0.412722915 5.72012615 -1.09793532 -0.401233792 -0.348632574 1.73155034 -0.0424344093 -0.832132101 0.253577679 -0.28088668 1.06540751 -0.456625372
-0.744836628 0.0160782766 -0.731412947 -0.499942988 -0.700678408 -0.791336298 1.13231874 0.0198311377 -0.282743841 -0.583206654 -0.761043429 3.93666673 -0.590097606 -0.69420743 -1.22907901 -0.59941715 -0.789869905 -0.522714078 -0.215395138 -0.95211035 -0.00188584183 -0.565793931 -0.91230613 -0.231879205
-3.27657723 -0.981251359 3.88189507 -0.812940001 -0.536891162 4.41214037 -1.99844193 0.479690224 -0.195297137 -1.08676064 -1.29282618 -1.81960309 4.21389389 0.400073022 4.2600441 -1.09366107 -1.58047879 -0.88488543 -0.393167853 -1.65661633 0.277508944 -0.852602422 3.95768619 -0.726483524
1.83202064 3.76626325 -5.94717884 3.53910661 2.62410688 -3.94524646 2.28092337 0.481047779 -0.222041652 1.40933406 3.75344014 1.38393748 1.61092305 -4.36264372 -4.1585412 2.72692537 5.38540268 2.70772934 -3.11142683 -4.92588902 0.331388354 -0.28238979 -4.42798948 -4.01789522
-5.36686039 -2.30561376 -2.74643779 -4.33942461 1.7155714 4.12044001 0.484255463 0.850786567 -3.92138815 -0.232081696 -4.3288517 -4.05938864 3.05347943 -4.00447083 4.76846695 -2.07005763 0.712994754 1.02322793 5.03486109 6.04495049 -0.201340094 1.1575104 0.820010364 3.93995214
4.09876156 4.05117893 -1.54496908 4.59228849 1.8738265 -2.04331064 -0.284237981 0.163080096 -0.854150116 3.10745001 -1.89096165 2.99829841 -2.71659851 -2.33848834 -2.42085266 -1.97910035 -2.15497684 -1.53819096 -0.172384799 -2.1083467 0.579556823 -1.16299379 -3.94663262 1.76552856
-2.07557321 3.73327136 -1.68134034 4.75094986 3.02621484 -1.74233615 -0.889128327 -0.0374245532 -0.913332999 1.91091359 0.570377886 2.67991424 2.04505801 -2.92487025 -2.33529186 2.65273428 -1.81083012 -1.04033089 -0.0767789781 -2.29382181 0.0169631187 -1.02518976 -3.10053563 2.91085148
-0.966309965 -0.837208748 -0.614985228 -0.212905124 -0.705132008 0.515915215 -0.427615315 0.654240608 -0.567464769 -0.28405267 -0.534686983 -1.07449353 -0.801810801 -0.599998295 4.45360851 -0.363962322 -0.606304407 -0.304958224 0.122636877 -0.792963862 0.165375486 -0.373456389 -0.774408996 -0.318631381
-6.16674328 -1.38453138 -1.29939556 -3.792768 2.71181512 5.373981 1.60153031 0.289357334 -1.18507588 1.51300955 -2.57120395 -2.06175661 5.04871321 -1.8787601 4.08016539 -1.49527538 3.32650352 -1.26245296 -0.706257284 -3.40925527 0.146043986 -1.02174902 0.101495989 3.62262344
-1.16032374 -1.12834156 -0.983296633 -0.853078067 -0.886672437 -1.59671652 -1.9107492 -0.384150177 4.85507679 -0.95012188 -1.63466871 -2.03315234 -0.675114095 -0.879989088 -2.02367139 -1.4026736 -4.2664361 -0.48239845 -0.206726551 -1.55309963 0.19998081 3.40952969 -2.54553628 -0.67697382
-2.16789985 0.259961575 3.70887733 -2.41295409 -2.62106848 -1.25140667 3.62674999 -0.398038566 -2.21464133 1.99076223 0.307752848 -3.60358882 -2.63217831 5.00683641 1.83826613 3.8433013 0.193308219 4.12555265 -2.35187936 0.683364987 -0.432432324 -0.764204621 4.27667427 -2.40995598
0.125614703 -0.165994182 2.9642458 -2.48310065 -1.07448781 -1.47441936 -3.09646893 -0.549036503 2.97069907 -2.5357182 5.19316149 -2.17596579 -2.85137677 4.69398546 -0.638932347 2.83852386 -0.700251102 3.62207675 -1.22313368 -1.39713466 -0.133465171 -0.546521008 3.58689952 -1.04406965
-1.10354781 -0.678869963 -0.731634974 -0.0988148302 -0.713879406 0.0580999777 -0.547321856 0.997637093 -0.744595885 -0.416175842 -0.834828496 -1.52081919 -1.10984719 -0.654223144 4.86481285 -0.745497406 -0.935599923 -0.593874991 0.0302293431 -0.971648037 -0.1835583 -0.470152617 -0.969982505 -0.568932652
2.74870872 5.35441685 -2.51416612 -3.67990732 2.37297654 -3.72168827 -1.07373703 0.559357405 -1.7344898 1.2679714 0.13194254 -0.260788828 -2.73088694 2.54893613 -4.32476711 1.21790183 -2.42878437 -0.740360916 -0.850339353 -4.15532112 0.43081826 -2.10762072 -5.06676722 -3.42292857
3.15116 3.8233676 2.14801049 6.57365084 2.66641855 -2.57402015 2.7951479 0.071554102 2.22011852 1.66047037 4.69504213 2.54930305 2.38620949 -4.45738125 1.14726746 3.8859365 3.94225764 1.87359595 -1.59074306 -4.23135805 0.466093153 1.60627365 1.38014269 0.924829006
-1.46523142 3.46302032 -2.85776734 5.30268478 3.95822096 -1.8159945 4.27738571 0.208019689 -1.29615176 -2.06736946 2.79066038 2.43060756 -1.32969499 -1.71353149 -1.25707257 3.11225486 0.111251608 -1.36052406 -0.593164086 -1.93400919 -0.159519523 -1.04815948 -2.627985 -2.08299637
-0.811870694 -0.773709416 3.32923484 -0.496411324 3.14074516 -0.895315349 -0.576636016 0.0136774769 -0.529951036 -1.46103299 -0.880689383 -1.60943234 -1.5353713 -1.72585177 -2.15595031 -0.800871193 -1.22147799 5.62118101 -2.62286568 -0.924151421 0.564752877 -0.594614625 4.2200532 -0.605479658
-0.7668311 -0.592867792 -0.636082053 5.57841873 3.81968617 -0.624799669 -0.973281801 -0.41135928 -0.921895444 3.34226084 4.72552061 -0.860751688 -1.07872379 3.53521895 2.77896714 -0.226990417 -0.669746757 4.38954306 -0.258349955 -0.744941294 -0.218805537 -0.44722712 0.504933774 -1.47738039
4.7918148 3.65465736 -0.993405282 -1.5843333 4.61628056 -1.28253615 3.44092941 -0.104672931 -1.13059819 -2.32525253 4.82729006 3.35318589 -2.06408215 -2.71456909 -0.284902662 -2.23946476 -0.741524875 -1.56609559 -0.251231462 -1.5798595 0.411961079 -0.866714597 -1.31112206 -1.42576039
-1.87359834 -0.709225833 -0.959750772 -0.757509172 0.00761297159 6.33641481 -1.17043245 -0.173034176 0.205972075 -1.85620785 -0.932383537 -1.22808266 4.25109959 -1.19000328 0.908463717 -0.636488736 -1.19080162 -0.640715897 0.160738572 4.93034267 0.0453619547 -0.767832935 -2.97234392 -0.179935142
-2.39143205 -0.870523512 3.51737523 -0.512926102 -0.0694533363 4.60310316 -1.39445662 0.150914118 0.00519609032 -0.734713852 -0.792881906 -1.482023 4.25148344 0.00581891043 4.38610935 -0.736216068 -1.25998056 -0.652105033 -0.040050257 -1.1670239 0.0746692494 -0.681685567 3.90955877 -0.620716035
-2.3217485 -1.23582959 2.4789288 -0.914984941 3.87024689 -0.807042003 -2.54283071 0.263606787 -1.58604586 1.64546478 -2.69867063 3.01946473 1.33969223 -2.59262037 3.65939975 -0.388132662 -2.93904042 3.61024952 2.85092998 5.79117632 -0.187460035 2.9434979 3.07547331 2.2346034
-0.528261662 -0.292197078 -0.15764609 0.0771431848 -0.205150887 -0.477968097 -0.32365942 -0.325989425 0.156909108 -0.167306706 -0.521339178 -0.714916408 -0.0309303328 -0.297646314 -0.402656823 0.0339976214 -0.482193321 -0.269782573 -0.198908925 -0.368681699 0.0345416851 -0.0996676162 -0.519025385 -0.295212269
-2.05597591 -0.481777966 3.95306683 -0.685052812 0.145623222 -0.525923431 -1.21219158 -0.0193253141 -0.361221075 -0.560918629 -0.670982361 -1.2798835 4.65181589 0.301251084 3.93649721 -0.714541972 -0.946084976 -0.360596031 -0.196328372 -1.17621231 -0.157755017 -0.553848505 4.4861846 -0.840778232
-2.68152761 -0.612219512 -0.746414959 -0.551886499 4.44260836 -0.222756073 -1.69983733 -0.0511750281 -0.306858301 -1.26392865 -0.794624209 -1.34129727 4.7037096 -0.15443252 4.24533606 -0.598020911 -2.64370966 -0.695832372 0.0678011253 -1.12955427 -0.149638668 -0.491354793 2.89279127 -1.03156877
3.98311448 0.092188783 3.31341004 4.88681555 1.3548243 -4.1681366 2.27828169 -0.324316174 2.10086894 1.30495751 -1.88778698 2.69555378 -7.66302299 4.80394506 -6.70042849 0.0621312521 3.95972753 2.07914352 2.07603908 2.89258337 -0.263072968 4.26851702 3.25398731 2.22895312
-1.7501682 0.553610265 -2.20334268 5.54103851 -2.39337468 -1.74435771 4.81259918 -0.287674367 -2.53400803 -1.3390162 -0.765923917 2.82306409 -0.755033612 -1.86305499 -3.21212411 2.09545565 5.64838696 -1.28225076 -1.01755071 -2.26688552 0.492788225 2.32605147 -1.46393299 -2.8303144
-0.891446471 -0.00989956688 -0.751432359 -0.39952302 -0.757596433 -0.803871095 1.229509 -0.0226843357 -0.199578255 -0.493796051 -0.587903798 4.1358428 -0.661286116 -0.856999516 -1.46752965 -0.726280749 -0.792892992 -0.516830742 0.13147971 -1.06444907 -0.0010665959 -0.48989892 -1.05137432 0.00566907646
-0.968800783 -0.460152328 -0.560494065 -0.635614634 -0.609719992 -0.921242595 0.409993351 -0.369763196 -0.317360371 2.36169457 -0.492178887 3.9628222 -0.504165232 4.23805428 -1.32707393 -0.539404511 -0.537965894 0.963935077 -0.264471322 -1.05024064 0.0945043042 -0.405934095 -0.0159982592 -0.48163563
-3.54218626 -1.3402307 -0.705892861 4.91157961 2.42590547 4.11729622 3.78223586 -0.960858405 1.37515438 0.938197136 -1.01903653 3.6415863 0.944785595 -3.03160763 -6.50676441 -3.74483967 3.72746134 -3.80064392 -1.75574636 -5.73286438 -0.113865778 2.70159006 1.06573176 2.15105772
-1.53946626 -0.449146837 -0.987431526 -0.973425031 -0.0604987107 -1.34716165 3.71940899 -0.451767981 -0.882510543 -0.973642349 -1.43489254 4.23862886 3.1210556 -1.10871267 0.849978983 -1.04187489 -1.26117027 0.874728918 -0.0990525037 -1.43536568 0.172959551 -0.737618268 -1.84583998 -0.884657383
4.52595901 -1.98111546 2.23743796 6.28197241 2.65510249 -4.39073896 -4.61352968 -0.521354318 -0.278504223 1.97827661 3.59657621 0.390040547 0.716045618 3.18243384 -9.76667595 -0.0301124826 4.94749928 -3.34062099 -2.39736557 -6.14373207 0.346560478 2.41149497 1.92413545 1.7630477
-0.972334921 -0.10953144 -0.956417859 2.12392807 -1.08400238 -0.999304593 0.609407783 -0.32715112 -1.06215727 -0.631168485 -0.553466737 4.01184654 -0.590530396 -0.965234041 -1.37791204 -0.80737406 5.93116188 -0.794235647 -0.184054196 -1.07014346 -0.0848086178 -0.718497753 -1.40419555 -0.396123052
-1.20228231 -0.78685534 -0.956099689 -1.16943526 -1.36253834 -1.05317962 -0.0131782722 -0.251839221 -0.760934234 -1.04593241 -0.467115432 3.13376117 -0.702715099 -1.40795577 -1.1846422 -1.06123757 -0.746939898 -0.996509492 -0.687987089 -1.29150331 0.193276018 3.47425652 0.595426679 4.05873489
4.73118305 -1.60509288 -0.212674364 -2.23543191 2.56241608 -1.51768565 2.94861722 -0.511333108 -1.2161746 2.66534233 -0.998165667 3.08078957 2.8180449 -2.13442898 -0.196461588 -0.976719379 2.5410192 1.2306608 -0.864569902 4.3004756 -0.032510478 2.94745493 -2.99864769 3.21495342
4.61538363 -2.20111132 3.06771588 4.67667389 2.41857886 -3.71309352 2.17196321 -0.450446635 1.49715555 2.21162987 0.689843178 0.763097167 2.36671138 4.5279355 0.735695481 0.118091159 4.80711794 1.83916759 2.90254354 4.18617201 -0.460270673 4.1531167 2.94824529 1.54767048
-0.846918583 -0.449700713 -0.482102782 -0.226177365 -0.884097993 6.12933969 -0.746380031 -0.18466188 1.30199683 -0.305179209 -0.62160033 -0.830187619 1.40665972 -0.537239134 -1.2199831 -0.630488873 -1.00813115 -0.606186509 -0.244619325 -0.821183205 -0.255102813 -0.53424567 -0.441876948 0.207620859
4.49009418 -1.73728073 1.65192211 -2.51335669 -1.9395349 -2.18905187 -1.13106143 -0.206618249 -1.63935733 3.14925599 -1.80363977 2.18363023 -1.96044028 3.06887698 -2.74486256 1.4786377 -2.06256962 -0.771475971 4.1580987 -2.6091156 -0.153329641 3.21389031 2.28346586 -2.15695405
-0.947548866 -0.817415655 1.44920921 6.410501 -1.56023717 -1.49957132 -0.0740306675 0.0456163362 -1.00841296 -1.15762067 1.62291634 3.92825174 2.03694725 -1.59660625 -2.71308184 -1.9814955 -1.85657322 -1.02777433 -0.193694234 2.98039579 0.23231326 -0.57442677 -1.25678599 -2.07013011
-1.85241711 -0.250332117 -1.52516901 -0.640885651 4.06486797 -2.12653637 -0.112788267 -0.265910029 -1.53680825 2.4061439 -1.03400111 2.09108829 -1.73277271 -1.23877871 -3.3777051 -2.1975646 3.49086404 -1.62740254 -0.315612435 -2.45141363 -0.0293390434 3.16293669 -4.24442959 -4.45539808
4.44061852 -0.0262995567 -1.13415504 -1.21713948 -1.2147423 -1.48783362 -2.19268632 -0.456065238 2.67556262 -1.69208622 4.1789031 -2.10390902 -2.13449478 -0.924381375 -0.947406709 4.13657522 3.76544499 2.95668745 -0.964314759 -1.79112077 -0.138087288 2.49901438 -2.39350748 0.214443296
-1.14788425 -0.824824035 -0.924739718 -0.817784548 -1.30370688 6.31310511 -1.03578436 -0.119940907 0.474402875 -1.45970869 -1.19957197 -1.29584193 0.477877796 -1.33151841 -1.8469187 -0.789241493 -1.18385231 -0.895234525 -0.111545973 6.70840645 -0.245747641 -0.675580621 -1.32145596 -0.181833372
-1.87595904 -1.3504734 -1.41514671 -0.835190535 -1.51049781 3.42912769 -1.04322052 1.28486669 -0.300000399 -1.08753264 -1.23797023 -2.4569571 -0.975551426 -0.867072523 4.87945223 -1.56629825 -1.29354107 -0.913040161 -0.0156123992 3.92360783 -0.0160847921 -1.33927369 -1.56718493 -0.757127166
-2.37527871 -0.737389505 -0.606372118 -0.82892555 -2.20025539 4.10689259 -1.13697648 0.801184952 -0.557848454 2.72219896 -0.671441495 -1.33315921 2.99315596 -0.844153583 4.30715704 -0.554118991 1.75817311 -1.68802893 -0.580912769 3.71045089 0.211025983 -0.790096283 -1.17514849 -0.157778665
-1.18198037 -0.395780414 3.11575317 -0.475421488 -0.633790076 -0.644385517 0.613095462 0.0376405343 -0.449323028 -0.774880826 -1.21665883 4.34580231 -0.669867218 -0.17047374 -1.57582104 -0.69085443 -0.950001776 -0.822244585 -0.367632061 5.52743196 0.152881369 -0.96634239 3.95179343 -0.39307189
5.26431799 -0.347885936 -1.09017181 -0.980435193 -0.254657596 -1.1996417 -1.29098451 -0.0304939914 -1.17820501 4.17634344 1.48271406 2.33769226 -1.600577 3.92712951 -3.43403864 3.63695145 -1.6527853 3.73033667 4.0983119 -1.78263199 0.0141730709 -0.87793988 -2.60984445 -1.35467958
5.06430578 4.12738419 -1.15704381 -2.54904675 -2.34849644 -2.15022516 -1.88161826 0.170090392 2.26861978 2.58648729 3.45325828 1.80795896 1.44936383 2.17098832 -1.19735634 2.89522266 -1.72295558 2.42634749 -1.16024888 -2.45504117 -0.185380563 -1.05453289 -4.84438419 1.78534794
-0.389223009 3.84836555 -0.949067891 -1.07013071 -1.10389185 -1.55865562 -3.40049458 0.102168761 -1.19118154 1.85343385 5.78521299 -2.13652635 0.345147282 -1.28723097 -2.77003741 2.38667369 -1.4377135 -1.51995528 -0.0145070879 -2.37367153 0.330803275 -0.838501871 -2.07803321 -0.958385408
-0.760118723 -0.164802745 2.60761571 -1.14311731 -0.376996219 -1.23747647 -0.407184571 -0.159870431 -0.739205718 3.45318079 -0.751227736 -2.83086586 -0.986615896 4.91413164 -1.90999246 -1.14186001 0.77598238 -0.169052273 -0.659245431 -1.43400037 -0.3377648 2.78183484 2.95533752 -1.60592818
-0.77321285 -0.470002055 -0.486843944 -0.38602826 -0.24061057 0.560661495 -0.203917503 -0.157153904 -0.425635785 -0.266033143 -0.602693796 -0.901800871 -0.552274585 -0.24496825 4.32985783 -0.119946919 -0.488440573 -0.203663766 0.127066016 -0.533884883 0.185447127 -0.493330628 -0.451147825 -0.545067191
-0.736972034 -0.121239915 -0.566167891 -0.0487194099 -0.218854442 -0.519333184 0.367478788 0.0541224219 -0.133564696 -0.172131121 -0.310439229 4.21495724 -0.45806253 -0.539236188 -0.965249121 -0.207239911 -0.739113271 -0.202986613 -0.25337863 -0.760700524 0.168382451 -0.39238137 -0.676759899 -0.256877065
-1.52458286 0.579604983 3.28407478 0.8422212 3.40385175 -0.930330336 -0.822564662 -0.359661311 0.465372115 3.22366524 1.0721091 -1.3664155 2.59116554 -2.59593606 -2.38087726 4.07170296 4.86039495 3.01411128 -0.704648554 -1.40849566 -0.29847616 -0.614948452 4.11574173 2.80674696
-0.8816787 -0.310376406 -0.85962224 -0.543611586 -0.783414423 -0.967073977 0.900914669 -0.319063544 -0.295439124 -0.620874465 -0.714992166 4.11304665 -0.74876374 -1.05686307 -1.48551118 -0.777936339 -0.930242717 -0.325708061 -0.00936349295 -1.15527153 -0.221080393 -0.762475491 -1.030375 0.078621231
-2.98651528 -0.862272501 3.19506264 -2.19483399 -3.51579857 4.23436022 -4.19362736 0.797494769 3.65153265 -4.12885952 1.37231457 -2.77346325 -1.30320644 -1.56147492 4.488904 -1.91261339 3.32576251 -2.44237781 -1.87615454 6.09452391 -0.241912797 -1.63793457 3.95635653 4.38696527
2.09300041 -1.39587486 -1.16086495 -1.09389853 -0.640313745 4.65014124 3.59540653 0.742592275 -0.453084826 -2.37072754 -2.55251503 -2.17494726 4.11545897 -1.39826393 4.31037712 -1.15807664 -0.219195306 0.101582401 -0.484443396 4.9182663 0.142710909 -1.05001163 -3.48248386 -2.15550661
0.994103968 -0.534576774 -0.551801264 -0.472219229 -1.94029284 -1.01703632 -1.63976157 -0.10846252 2.74102926 3.68059778 4.58042192 -1.17173088 -2.20836425 -0.826307774 3.83245349 1.03474379 -1.51768982 4.59719658 -1.13846111 -1.04406095 -0.0637810007 -0.403997779 -0.624818087 3.8398478
-1.22398341 -0.971998155 -0.976577878 -1.38795543 -1.38632226 -1.63441944 3.83884954 -0.327552199 4.14064312 -0.886488736 -1.48063862 -2.15136766 -0.998950779 -0.95100075 -2.21121287 -1.30876219 -2.65462685 -0.484093428 -0.398416817 -1.72944343 -0.0157842003 3.7285881 -1.58886158 -0.814741075
2.19175839 0.1632047 -0.30379951 -2.21596503 -0.49129048 -1.75337994 0.628498554 3.94231343 -0.017394891 -1.06741834 -0.770037591 -1.21099937 -0.684403598 2.38881326 1.37733352 1.94539821 1.51171827 -0.345066041 0.969200432 -0.32125175 0.730834186 0.28257525 -0.36924848 -0.404079556 -3.93717718 -3.95070004 1.93025124 -0.410637558 -0.930857897 -1.34035468 -0.783457518 -1.2425139 -3.5571239 -0.904926062 -0.0891438127 3.77731133 1.99620008 1.34826922 0.828728199 -0.541712761 0.311066031 0.638118505 -0.217447877 0.22125572 -0.343690366 3.31722021 1.95025361 1.27602744 -1.61671364 -3.84540153 0.229367346 -0.749493241 -0.464758903 0.0373261087 -3.94712782 -1.29624069 -1.224437 4.02254295 1.07540262 -0.959535003 -1.09827268 2.65937972 0.0835463032 3.94796348 -1.15734184 -0.27659449 -0.0684568211 3.48367906 -1.20628178 1.72209036 0.053318277 1.9857229 0.252138644 -0.866998374 0.706470013 -0.639403701 -1.30552495 -0.754844964 1.48672712 1.22112966 0.0251326468 -1.94893718 -2.48468113 -1.63608825 -0.373322189 0.239549503 -0.0148405079 -1.87284064 1.17430019
